CPU: 7.32407 Flow: 6740
CPU: 0.087331 Flow: 159
CPU: 2.08214 Flow: 3193
