CPU: 7.39182 Flow: 6740
CPU: 0.086537 Flow: 159
CPU: 2.08587 Flow: 3193
